30013 3 13250 756
130012 13 12225 585
110016 11 1656 578
170005 17 5144 890
50024 5 24566 1126
140024 14 24117 1209
80025 8 25103 1839
250020 25 2039 529
250022 25 22299 867
260010 26 1038 1340
90027 9 2779 741
300004 30 4302 1632
90031 9 3155 925
310018 31 18277 1167
80032 8 32509 1073
320019 32 19309 521
320020 32 20206 776
330008 33 8441 881
330013 33 1340 784
360002 36 256 668
360009 36 9137 815
360030 36 30795 1025
370017 37 17216 1174
230037 23 37358 772
380002 38 2520 1092
50038 5 38202 1182
380029 38 29560 1002
370038 37 38518 1000
400039 40 39316 962
410017 41 1745 261
410026 41 26506 1390
190042 19 42568 858
430003 43 3625 1341
430019 43 1930 1188
440004 44 4422 1390
50044 5 44828 1046
60044 6 44284 810
100044 10 44137 1703
440037 44 37136 1422
450000 45 0220 658
450042 45 42186 574
460006 46 6111 1087
230047 23 4743 1357
520029 52 29270 484
520034 52 34158 448
30053 3 5383 1385
170056 17 56348 1340
450057 45 57645 1075
580021 58 2112 1246
320059 32 59448 1488
450059 45 59431 1059
420060 42 60347 555
600046 60 46156 514
620017 62 17546 886
620061 62 61606 920
120063 12 63566 1262
630023 63 23121 1717
630039 63 39448 1134
450063 45 63162 1368
640023 64 2350 1312
490064 49 64459 1021
640057 64 57171 807
650001 65 1626 1146
650035 65 353 1845
650040 65 40428 1396
660048 66 4859 1129
530066 53 6612 1274
660057 66 57617 1213
600066 60 66527 1301
660061 66 6196 1180
670001 67 1536 1336
680008 68 8211 1277
680058 68 5872 1010
680060 68 6021 1861
90070 9 70335 1663
440072 44 72264 1662
730053 73 53711 941
610073 61 73224 1748
600074 60 74562 1078
740067 74 6716 1924
750011 75 11523 855
750029 75 29296 1610
680075 68 75626 1134
150077 15 77642 900
20078 2 7892 1564
230079 23 79121 1439
740079 74 79281 909
50080 5 80336 622
800014 80 14159 1641
250081 25 81478 1330
810034 81 34472 1316
490081 49 81267 1329
800081 80 81265 1709
230082 23 82396 1026
360082 36 82270 1456
830018 83 18185 1763
830065 83 65802 1042
710083 71 83799 1013
160084 16 84490 912
840042 84 42172 488
190085 19 85108 346
290085 29 85185 1015
850032 85 32528 1242
340085 34 85167 675
850036 85 36524 936
850066 85 66323 863
170086 17 86297 1593
330086 33 8616 1402
350086 35 86403 1289
420086 42 86360 1324
870015 87 15223 1695
520087 52 87653 1261
870053 87 5377 401
870056 87 5647 337
260088 26 8859 843
600088 60 88867 1077
880069 88 69463 1085
730088 73 8832 1852
880082 88 82122 1190
140089 14 89197 1353
890037 89 37198 1572
440089 44 89407 1051
890070 89 70443 647
310090 31 90348 1246
910051 91 51539 1045
920017 92 17292 936
920021 92 21178 1740
930044 93 44131 1473
540093 54 93499 1413
940014 94 1424 658
420094 42 94184 666
720094 72 94576 1018
950041 95 41350 1188
530095 53 95448 950
450096 45 96665 989
690096 69 96447 989
960072 96 72249 1323
50097 5 97347 1611
260097 26 97758 1192
570097 57 97179 1473
970093 97 93529 733
980080 98 8076 1874
40099 4 99586 830
990027 99 27136 1456
990032 99 32295 1125
990040 99 40544 1046
990042 99 42358 586
990045 99 45476 1272
